1 51
1 0
2 1
3 1
4 1
5 0
6 2
7 3
8 4
9 7
10 6
11 1
12 5
13 4
14 8
15 8
16 5
17 13
18 2
19 10
20 18
21 0
22 7
23 19
24 7
25 3
26 6
27 7
28 26
29 24
30 29
31 2
32 22
33 12
34 18
35 18
36 31
37 29
38 17
39 30
40 9
41 37
42 27
43 15
44 19
45 25
46 12
47 30
48 20
49 6
50 34
51 36
52 51
53 16
54 15
55 24
56 7
57 3
58 34
59 56
60 26
61 15
62 32
63 39
64 46
65 43
66 12
67 31
68 33
69 52
70 51
71 11
72 57
73 44
74 0
75 50
76 55
77 57
78 41
79 70
80 36
81 23
82 50
83 23
84 81
85 65
86 68
87 47
88 30
89 38
