33 67
1 0
2 1
3 2
4 3
5 1
6 5
7 3
8 3
9 8
10 8
11 1
12 6
13 9
14 0
15 5
16 10
17 0
18 2
19 3
20 1
21 1
22 1
23 18
24 22
25 14
26 22
27 8
28 24
29 23
30 9
31 17
32 6
33 30
34 7
35 5
36 22
37 7
38 13
39 9
40 15
41 14
42 7
43 22
44 0
45 16
46 2
47 0
48 14
49 24
50 39
51 3
52 17
53 44
54 36
55 26
56 10
57 51
58 3
59 15
60 18
61 49
62 44
63 13
64 33
65 62
66 31
67 3
68 12
69 47
70 31
71 60
72 0
73 72
74 72
75 74
76 15
77 46
78 34
79 14
80 30
81 73
82 33
83 33
84 71
85 68
86 33
87 78
88 23
89 36
90 40
91 4
92 71
93 30
94 78
95 48
96 3
97 72
98 55
99 69
100 65
101 72
102 19
103 84
104 63
105 34
106 23
107 82
108 26
109 43
