87 57
1 0
2 0
3 1
4 3
5 2
6 2
7 5
8 4
9 0
10 0
11 4
12 5
13 3
14 10
15 1
16 4
17 15
18 11
19 3
20 13
21 14
22 8
23 11
24 15
25 6
26 12
27 21
28 24
29 15
30 7
31 30
32 19
33 28
34 24
35 15
36 17
37 29
38 6
39 11
40 7
41 0
42 38
43 32
44 41
45 12
46 23
47 40
48 18
49 1
50 14
51 5
52 28
53 37
54 50
55 25
56 51
57 34
58 27
59 56
60 25
61 34
62 23
63 45
64 9
65 10
66 1
67 34
68 15
69 42
70 28
71 12
72 66
73 71
74 21
75 59
76 52
77 70
78 69
79 48
80 30
81 60
82 54
83 54
84 83
85 76
86 51
87 54
88 35
89 63
90 66
91 87
92 28
93 71
94 34
95 26
96 88
97 77
98 56
99 69
100 17
101 19
102 31
103 41
104 21
105 38
106 18
107 75
108 102
109 75
110 21
111 63
112 95
113 111
114 47
115 114
116 32
117 94
118 106
119 87
120 63
121 37
122 2
123 100
124 123
125 124
126 71
127 73
128 90
129 10
