132 6
1 0
2 0
3 1
4 2
5 1
6 3
7 1
8 3
9 1
10 9
11 6
12 10
13 7
14 4
15 0
16 7
17 4
18 5
19 16
20 18
21 2
22 18
23 16
24 14
25 14
26 19
27 23
28 3
29 5
30 28
31 9
32 19
33 5
34 21
35 20
36 15
37 4
38 11
39 0
40 39
41 6
42 8
43 15
44 28
45 3
46 22
47 42
48 22
49 46
50 20
51 5
52 24
53 16
54 10
55 40
56 39
57 0
58 44
59 0
60 1
61 22
62 50
63 51
64 62
65 10
66 62
67 65
68 16
69 54
70 30
71 37
72 67
73 11
74 2
75 37
76 68
77 69
78 69
79 29
80 26
81 43
82 22
83 64
84 14
85 50
86 12
87 53
88 27
89 81
90 77
91 29
92 89
93 9
94 31
95 42
96 58
97 12
98 0
99 49
100 21
101 63
102 52
103 32
104 62
105 57
106 2
107 35
108 82
109 25
110 41
111 107
112 75
113 65
114 102
115 77
116 57
117 44
118 116
119 54
120 11
121 92
122 65
123 88
124 83
125 91
126 44
127 112
128 127
129 87
130 103
131 56
132 23
133 117
134 116
135 124
136 120
137 13
138 32
139 132
140 115
141 65
142 65
143 37
144 2
145 100
146 144
147 43
148 80
149 38
