34 33
1 0
2 1
3 0
4 2
5 2
6 3
7 2
8 2
9 3
10 2
11 2
12 3
13 5
14 5
15 1
16 2
17 9
18 3
19 8
20 13
21 10
22 7
23 11
24 2
25 15
26 24
27 10
28 22
29 13
30 16
31 8
32 11
33 22
34 1
35 9
36 17
37 21
38 8
39 3
40 18
41 36
42 30
43 19
44 23
45 17
46 28
47 24
48 5
49 27
50 7
51 29
52 35
53 3
54 22
55 18
56 11
57 39
58 4
59 5
60 24
61 33
62 53
63 52
64 51
65 29
66 18
67 27
68 44
69 65
70 44
71 60
72 33
73 48
74 45
75 64
76 17
77 35
78 43
79 45
80 39
81 67
82 6
83 65
84 38
85 30
86 75
87 34
88 31
89 55
90 20
91 42
92 65
93 35
94 70
95 38
96 84
97 44
98 26
99 72
