521 72
1 0
2 1
3 0
4 3
5 4
6 1
7 2
8 2
9 8
10 0
11 5
12 2
13 10
14 1
15 6
16 1
17 7
18 12
19 5
20 6
21 19
22 2
23 10
24 16
25 20
26 22
27 4
28 1
29 26
30 14
31 3
32 0
33 13
34 14
35 26
36 22
37 18
38 6
39 22
40 5
41 30
42 7
43 30
44 38
45 5
46 27
47 24
48 40
49 31
50 23
51 39
52 1
53 35
54 40
55 41
56 28
57 6
58 5
59 22
60 21
61 4
62 4
63 25
64 28
65 26
66 12
67 39
68 28
69 10
70 0
71 15
72 41
73 72
74 22
75 51
76 44
77 65
78 8
79 72
80 47
81 25
82 26
83 0
84 52
85 76
86 51
87 38
88 6
89 18
90 45
91 39
92 78
93 42
94 22
95 13
96 83
97 9
98 31
99 14
100 0
101 36
102 41
103 99
104 87
105 16
106 85
107 99
108 26
109 2
110 15
111 23
112 109
113 46
114 105
115 106
116 92
117 6
118 21
119 39
120 54
121 75
122 74
123 85
124 79
125 101
126 84
127 72
128 30
129 6
130 55
131 80
132 75
133 7
134 103
135 1
136 79
137 97
138 96
139 16
140 120
141 89
142 44
143 39
144 11
145 126
146 144
147 64
148 108
149 69
150 45
151 77
152 76
153 127
154 40
155 117
156 125
157 85
158 52
159 35
160 117
161 95
162 34
163 64
164 141
165 153
166 13
167 7
168 128
169 19
170 8
171 102
172 124
173 139
174 159
175 144
176 144
177 42
178 144
179 139
180 18
181 131
182 115
183 164
184 127
185 137
186 70
187 14
188 31
189 9
190 18
191 49
192 80
193 62
194 185
195 92
196 114
197 165
198 197
199 87
200 99
201 26
202 75
203 108
204 67
205 163
206 5
207 82
208 22
209 119
210 99
211 18
212 135
213 47
214 21
215 158
216 48
217 6
218 212
219 116
220 199
221 154
222 145
223 183
224 70
225 76
226 183
227 94
228 173
229 25
230 43
231 43
232 24
233 87
234 89
235 101
236 220
237 65
238 34
239 7
240 35
241 10
242 131
243 93
244 191
245 125
246 179
247 228
248 54
249 237
250 48
251 232
252 191
253 156
254 129
255 5
256 111
257 122
258 176
259 220
260 211
261 182
262 172
263 22
264 94
265 214
266 71
267 42
268 21
269 126
270 234
271 139
272 111
273 156
274 141
275 0
276 69
277 251
278 158
279 31
280 35
281 228
282 99
283 10
284 263
285 230
286 42
287 160
288 37
289 271
290 80
291 41
292 108
293 15
294 21
295 215
296 174
297 134
298 167
299 88
300 132
301 176
302 64
303 172
304 180
305 58
306 94
307 81
308 10
309 88
310 67
311 130
312 37
313 34
314 32
315 224
316 53
317 252
318 185
319 255
320 62
321 118
322 157
323 46
324 31
325 224
326 305
327 122
328 320
329 149
330 225
331 230
332 22
333 82
334 202
335 330
336 312
337 312
338 175
339 267
340 25
341 312
342 56
343 8
344 52
345 82
346 29
347 197
348 311
349 96
350 339
351 52
352 179
353 59
354 64
355 226
356 193
357 216
358 143
359 184
360 164
361 121
362 292
363 284
364 214
365 118
366 363
367 127
368 163
369 271
370 39
371 19
372 56
373 183
374 357
375 142
376 266
377 78
378 74
379 330
380 254
381 29
382 368
383 14
384 379
385 285
386 45
387 45
388 46
389 229
390 208
391 246
392 361
393 362
394 237
395 196
396 178
397 19
398 15
399 382
400 319
401 241
402 45
403 227
404 149
405 182
406 340
407 395
408 29
409 23
410 346
411 22
412 277
413 14
414 398
415 8
416 80
417 186
418 28
419 147
420 33
421 161
422 95
423 108
424 184
425 403
426 58
427 251
428 407
429 212
430 208
431 164
432 418
433 233
434 76
435 169
436 189
437 237
438 360
439 138
440 293
441 411
442 251
443 85
444 221
445 197
446 172
447 109
448 232
449 194
450 90
451 328
452 235
453 145
454 381
455 124
456 256
457 367
458 287
459 16
460 100
461 153
462 243
463 455
464 324
465 362
466 275
467 153
468 135
469 437
470 426
471 325
472 348
473 128
474 317
475 218
476 458
477 433
478 144
479 121
480 187
481 94
482 478
483 381
484 468
485 179
486 317
487 307
488 427
489 321
490 308
491 145
492 462
493 137
494 412
495 70
496 351
497 130
498 473
499 485
500 332
501 465
502 3
503 123
504 376
505 263
506 362
507 44
508 296
509 128
510 458
511 222
512 66
513 301
514 318
515 176
516 395
517 218
518 427
519 14
520 511
521 515
522 107
523 90
524 9
525 200
526 468
527 101
528 345
529 47
530 336
531 470
532 508
533 427
534 340
535 67
536 450
537 261
538 193
539 183
540 238
541 371
542 246
543 353
544 501
545 327
546 308
547 49
548 5
549 107
550 261
551 290
552 52
553 251
554 276
555 79
556 253
557 492
558 25
559 56
560 395
561 556
562 366
563 149
564 406
565 401
566 492
567 319
568 9
569 78
570 35
571 370
572 305
573 111
574 183
575 366
576 268
577 42
578 24
579 548
580 94
581 489
582 385
583 321
584 4
585 152
586 165
587 386
588 25
589 557
590 273
591 121
592 380
593 280
594 511
595 438
596 427
597 161
598 46
599 501
600 286
601 116
602 208
603 128
604 316
605 379
606 398
607 34
608 158
609 386
610 206
611 365
612 362
613 596
614 558
615 272
616 165
617 330
618 353
619 78
620 378
621 265
622 243
623 609
624 149
625 531
626 426
627 110
628 347
629 609
630 277
631 476
632 609
633 472
634 98
635 44
636 64
637 137
638 47
639 526
640 324
641 258
642 148
643 12
644 152
645 477
646 31
647 163
648 423
649 357
650 347
651 538
652 319
653 109
654 5
655 259
656 430
657 160
658 12
659 557
660 434
661 369
662 660
663 649
664 346
665 72
666 105
667 563
668 213
669 253
670 550
671 17
672 86
673 454
674 112
675 593
676 125
677 633
678 326
679 421
680 60
681 305
682 394
683 299
684 138
685 458
686 199
687 367
688 271
689 77
690 429
691 601
692 71
693 276
694 471
695 657
696 280
697 184
698 91
699 27
700 611
701 243
702 327
703 660
704 236
705 119
706 111
707 442
708 208
709 187
710 421
711 377
712 506
713 587
714 600
715 514
716 401
717 190
718 219
719 662
720 527
721 450
722 151
723 327
724 531
725 710
726 534
727 198
728 548
729 645
730 445
731 580
732 13
733 174
734 573
735 218
736 445
737 539
738 104
739 82
740 342
741 32
742 350
743 252
744 138
745 599
746 497
747 510
748 172
749 37
750 238
751 468
752 599
753 749
754 130
755 719
756 58
757 31
758 386
759 430
760 38
761 433
762 272
763 684
764 748
765 709
766 294
767 508
768 1
769 142
770 366
771 599
772 751
773 335
774 46
775 562
776 67
777 411
778 28
779 123
780 381
781 233
782 165
783 98
784 223
785 249
786 549
787 200
788 235
789 684
790 367
791 563
792 781
793 196
794 306
795 458
796 672
797 226
798 374
799 738
800 626
801 507
802 423
803 16
804 763
805 109
806 639
807 461
808 478
809 405
810 728
811 536
812 398
813 669
814 698
815 638
816 302
817 725
818 745
819 699
820 515
821 649
822 807
823 134
824 666
825 403
826 739
827 794
828 272
829 670
830 818
831 22
832 454
833 753
834 676
835 373
836 557
837 221
838 107
839 456
840 75
841 84
842 576
843 251
844 351
845 644
846 367
847 736
848 333
849 407
850 493
851 711
852 177
853 335
854 135
855 70
856 77
857 13
858 756
859 70
860 30
861 694
862 825
863 227
864 278
865 831
866 407
867 388
868 534
869 513
870 221
871 108
872 706
873 869
874 615
875 810
876 346
877 293
878 532
879 373
880 196
881 706
882 568
883 194
884 203
885 194
886 555
887 868
888 557
889 347
890 482
891 879
892 3
893 362
894 623
895 153
896 121
897 41
898 248
899 896
900 54
901 432
902 372
903 151
904 18
905 85
906 452
907 445
908 705
909 866
910 656
911 19
912 778
913 502
914 621
915 511
916 747
917 123
918 416
919 449
920 435
921 891
922 204
923 473
924 418
925 220
926 322
927 341
928 489
929 862
930 100
931 133
932 728
933 504
934 434
935 417
936 868
937 429
938 8
939 509
940 5
941 289
942 868
943 325
944 408
945 19
946 41
947 842
948 469
949 448
950 364
951 567
952 39
953 468
954 794
955 129
956 589
957 869
958 267
959 309
960 924
961 790
962 149
963 323
964 41
965 933
966 441
967 388
968 423
969 78
970 906
971 575
972 105
973 858
974 76
975 525
976 294
977 678
978 281
979 634
980 711
981 325
982 901
983 465
984 656
985 751
986 586
987 56
988 741
989 116
990 332
991 283
992 970
993 888
994 653
995 670
996 785
997 646
998 510
999 866
